tanggal,key,jumlah_item,jumlah_meninggal,jumlah_sembuh,jumlah_positif,jumlah_dirawat,jumlah_positif_kum,jumlah_sembuh_kum,jumlah_meninggal_kum,jumlah_dirawat_kum
2020-03-02T00:00:00.000Z,1583107200000,1,0,0,2,2,2,0,0,2
2020-03-03T00:00:00.000Z,1583193600000,1,0,0,0,0,2,0,0,2
2020-03-04T00:00:00.000Z,1583280000000,1,0,0,0,0,2,0,0,2
2020-03-05T00:00:00.000Z,1583366400000,1,0,0,0,0,2,0,0,2
2020-03-06T00:00:00.000Z,1583452800000,1,0,0,2,2,4,0,0,4
2020-03-07T00:00:00.000Z,1583539200000,1,0,0,0,0,4,0,0,4
2020-03-08T00:00:00.000Z,1583625600000,1,0,0,2,2,6,0,0,6
2020-03-09T00:00:00.000Z,1583712000000,1,0,0,13,13,19,0,0,19
2020-03-10T00:00:00.000Z,1583798400000,1,0,2,8,6,27,2,0,25
2020-03-11T00:00:00.000Z,1583884800000,1,1,0,7,6,34,2,1,31
2020-03-12T00:00:00.000Z,1583971200000,1,0,0,0,0,34,2,1,31
2020-03-13T00:00:00.000Z,1584057600000,1,3,0,35,32,69,2,4,63
2020-03-14T00:00:00.000Z,1584144000000,1,1,6,27,20,96,8,5,83
2020-03-15T00:00:00.000Z,1584230400000,1,0,0,21,21,117,8,5,104
2020-03-16T00:00:00.000Z,1584316800000,1,0,0,17,17,134,8,5,121
2020-03-17T00:00:00.000Z,1584403200000,1,0,1,38,37,172,9,5,158
2020-03-18T00:00:00.000Z,1584489600000,1,14,2,55,39,227,11,19,197
2020-03-19T00:00:00.000Z,1584576000000,1,6,4,82,72,309,15,25,269
2020-03-20T00:00:00.000Z,1584662400000,1,7,2,60,51,369,17,32,320
2020-03-21T00:00:00.000Z,1584748800000,1,6,3,81,72,450,20,38,392
2020-03-22T00:00:00.000Z,1584835200000,1,10,9,64,45,514,29,48,437
2020-03-23T00:00:00.000Z,1584921600000,1,1,1,65,63,579,30,49,500
2020-03-24T00:00:00.000Z,1585008000000,1,6,0,106,100,685,30,55,600
2020-03-25T00:00:00.000Z,1585094400000,1,3,1,105,101,790,31,58,701
2020-03-26T00:00:00.000Z,1585180800000,1,20,4,103,79,893,35,78,780
2020-03-27T00:00:00.000Z,1585267200000,1,9,11,153,133,1046,46,87,913
2020-03-28T00:00:00.000Z,1585353600000,1,15,13,109,81,1155,59,102,994
2020-03-29T00:00:00.000Z,1585440000000,1,12,5,130,113,1285,64,114,1107
2020-03-30T00:00:00.000Z,1585526400000,1,8,11,129,110,1414,75,122,1217
2020-03-31T00:00:00.000Z,1585612800000,1,14,6,114,94,1528,81,136,1311
2020-04-01T00:00:00.000Z,1585699200000,1,21,22,149,106,1677,103,157,1417
2020-04-02T00:00:00.000Z,1585785600000,1,13,9,113,91,1790,112,170,1508
2020-04-03T00:00:00.000Z,1585872000000,1,11,22,196,163,1986,134,181,1671
2020-04-04T00:00:00.000Z,1585958400000,1,10,16,106,80,2092,150,191,1751
2020-04-05T00:00:00.000Z,1586044800000,1,7,14,181,160,2273,164,198,1911
2020-04-06T00:00:00.000Z,1586131200000,1,11,28,218,179,2491,192,209,2090
2020-04-07T00:00:00.000Z,1586217600000,1,12,12,247,223,2738,204,221,2313
2020-04-08T00:00:00.000Z,1586304000000,1,19,18,218,181,2956,222,240,2494
2020-04-09T00:00:00.000Z,1586390400000,1,40,30,337,267,3293,252,280,2761
2020-04-10T00:00:00.000Z,1586476800000,1,26,30,219,163,3512,282,306,2924
2020-04-11T00:00:00.000Z,1586563200000,1,21,4,330,305,3842,286,327,3229
2020-04-12T00:00:00.000Z,1586649600000,1,46,73,399,280,4241,359,373,3509
2020-04-13T00:00:00.000Z,1586736000000,1,26,21,316,269,4557,380,399,3778
2020-04-14T00:00:00.000Z,1586822400000,1,60,46,282,176,4839,426,459,3954
2020-04-15T00:00:00.000Z,1586908800000,1,10,20,297,267,5136,446,469,4221
2020-04-16T00:00:00.000Z,1586995200000,1,27,102,380,251,5516,548,496,4472
2020-04-17T00:00:00.000Z,1587081600000,1,24,59,407,324,5923,607,520,4796
2020-04-18T00:00:00.000Z,1587168000000,1,15,24,325,286,6248,631,535,5082
2020-04-19T00:00:00.000Z,1587254400000,1,47,55,327,225,6575,686,582,5307
2020-04-20T00:00:00.000Z,1587340800000,1,8,61,185,116,6760,747,590,5423
2020-04-21T00:00:00.000Z,1587427200000,1,26,95,375,254,7135,842,616,5677
2020-04-22T00:00:00.000Z,1587513600000,1,19,71,283,193,7418,913,635,5870
2020-04-23T00:00:00.000Z,1587600000000,1,12,47,357,298,7775,960,647,6168
2020-04-24T00:00:00.000Z,1587686400000,1,42,42,436,352,8211,1002,689,6520
2020-04-25T00:00:00.000Z,1587772800000,1,31,40,396,325,8607,1042,720,6845
2020-04-26T00:00:00.000Z,1587859200000,1,23,65,275,187,8882,1107,743,7032
2020-04-27T00:00:00.000Z,1587945600000,1,22,44,214,148,9096,1151,765,7180
2020-04-28T00:00:00.000Z,1588032000000,1,8,103,415,304,9511,1254,773,7484
2020-04-29T00:00:00.000Z,1588118400000,1,11,137,260,112,9771,1391,784,7596
2020-04-30T00:00:00.000Z,1588204800000,1,8,131,347,208,10118,1522,792,7804
2020-05-01T00:00:00.000Z,1588291200000,1,8,69,433,356,10551,1591,800,8160
2020-05-02T00:00:00.000Z,1588377600000,1,31,74,292,187,10843,1665,831,8347
2020-05-03T00:00:00.000Z,1588464000000,1,14,211,349,124,11192,1876,845,8471
2020-05-04T00:00:00.000Z,1588550400000,1,19,78,395,298,11587,1954,864,8769
2020-05-05T00:00:00.000Z,1588636800000,1,8,243,484,233,12071,2197,872,9002
2020-05-06T00:00:00.000Z,1588723200000,1,23,120,367,224,12438,2317,895,9226
2020-05-07T00:00:00.000Z,1588809600000,1,35,64,338,239,12776,2381,930,9465
2020-05-08T00:00:00.000Z,1588896000000,1,13,113,336,210,13112,2494,943,9675
2020-05-09T00:00:00.000Z,1588982400000,1,16,113,533,404,13645,2607,959,10079
2020-05-10T00:00:00.000Z,1589068800000,1,14,91,387,282,14032,2698,973,10361
2020-05-11T00:00:00.000Z,1589155200000,1,18,183,233,32,14265,2881,991,10393
2020-05-12T00:00:00.000Z,1589241600000,1,16,182,484,286,14749,3063,1007,10679
2020-05-13T00:00:00.000Z,1589328000000,1,21,224,689,444,15438,3287,1028,11123
2020-05-14T00:00:00.000Z,1589414400000,1,15,231,568,322,16006,3518,1043,11445
2020-05-15T00:00:00.000Z,1589500800000,1,33,285,490,172,16496,3803,1076,11617
2020-05-16T00:00:00.000Z,1589587200000,1,13,108,529,408,17025,3911,1089,12025
2020-05-17T00:00:00.000Z,1589673600000,1,59,218,489,212,17514,4129,1148,12237
2020-05-18T00:00:00.000Z,1589760000000,1,43,195,496,258,18010,4324,1191,12495
2020-05-19T00:00:00.000Z,1589846400000,1,30,143,486,313,18496,4467,1221,12808
2020-05-20T00:00:00.000Z,1589932800000,1,21,108,693,564,19189,4575,1242,13372
2020-05-21T00:00:00.000Z,1590019200000,1,36,263,973,674,20162,4838,1278,14046
2020-05-22T00:00:00.000Z,1590105600000,1,48,219,634,367,20796,5057,1326,14413
2020-05-23T00:00:00.000Z,1590192000000,1,25,192,949,732,21745,5249,1351,15145
2020-05-24T00:00:00.000Z,1590278400000,1,21,153,526,352,22271,5402,1372,15497
2020-05-25T00:00:00.000Z,1590364800000,1,19,240,479,220,22750,5642,1391,15717
2020-05-26T00:00:00.000Z,1590451200000,1,27,235,415,153,23165,5877,1418,15870
2020-05-27T00:00:00.000Z,1590537600000,1,55,180,686,451,23851,6057,1473,16321
2020-05-28T00:00:00.000Z,1590624000000,1,23,183,687,481,24538,6240,1496,16802
2020-05-29T00:00:00.000Z,1590710400000,1,24,252,678,402,25216,6492,1520,17204
2020-05-30T00:00:00.000Z,1590796800000,1,53,523,557,-19,25773,7015,1573,17185
2020-05-31T00:00:00.000Z,1590883200000,1,40,293,700,367,26473,7308,1613,17552
2020-06-01T00:00:00.000Z,1590969600000,1,28,329,467,110,26940,7637,1641,17662
2020-06-02T00:00:00.000Z,1591056000000,1,22,298,609,289,27549,7935,1663,17951
2020-06-03T00:00:00.000Z,1591142400000,1,35,471,684,178,28233,8406,1698,18129
2020-06-04T00:00:00.000Z,1591228800000,1,23,486,585,76,28818,8892,1721,18205
2020-06-05T00:00:00.000Z,1591315200000,1,49,551,703,103,29521,9443,1770,18308
2020-06-06T00:00:00.000Z,1591401600000,1,31,464,993,498,30514,9907,1801,18806
2020-06-07T00:00:00.000Z,1591488000000,1,50,591,672,31,31186,10498,1851,18837
2020-06-08T00:00:00.000Z,1591574400000,1,32,406,847,409,32033,10904,1883,19246
2020-06-09T00:00:00.000Z,1591660800000,1,40,510,1042,492,33075,11414,1923,19738
2020-06-10T00:00:00.000Z,1591747200000,1,36,715,1241,490,34316,12129,1959,20228
2020-06-11T00:00:00.000Z,1591833600000,1,41,507,979,431,35295,12636,2000,20659
2020-06-12T00:00:00.000Z,1591920000000,1,48,577,1111,486,36406,13213,2048,21145
2020-06-13T00:00:00.000Z,1592006400000,1,43,563,1014,408,37420,13776,2091,21553
2020-06-14T00:00:00.000Z,1592092800000,1,43,755,857,59,38277,14531,2134,21612
2020-06-15T00:00:00.000Z,1592179200000,1,64,592,1017,361,39294,15123,2198,21973
